# Fully symmetric cubature rules on the triangle
# The first column is the weight, the remaining columns are the three areal coordinates of one point in the orbit
# Note that only one point is given per orbit, the other are obtained by permutation of the coordinates
#
degree: 15  points:  48  orbits: [0, 6, 5]  quality: NI
-8.7456325826448320e-02   2.9593233914348055e-01  2.9593233914348055e-01  4.0813532171303890e-01
 1.1825359733915676e-02   1.1041137294398808e-01  1.1041137294398808e-01  7.7917725411202384e-01
 1.3633359800590993e-02   5.5556777591097775e-02  5.5556777591097775e-02  8.8888644481780445e-01
 1.8152749803642489e-02   1.8926277277298284e-02  4.9053686136135086e-01  4.9053686136135086e-01
 6.0151078120269024e-02   2.3261140392265687e-01  2.3261140392265687e-01  5.3477719215468627e-01
 1.2218012059443138e-01   2.5812698726713912e-01  3.7093650636643044e-01  3.7093650636643044e-01
 2.5613719808681694e-03   1.7707930875254374e-03  3.8231237353261141e-02  9.5999796955921342e-01
 1.2198751372066793e-02   1.7499897301341593e-02  1.4981904161827897e-01  8.3268106108037943e-01
 1.6436943369443905e-02   1.8423065211738482e-02  3.0745294013740203e-01  6.7412399465085949e-01
 2.8386552060758413e-02   9.1205272592313122e-02  2.0385875286816800e-01  7.0493597453951888e-01
 3.7839876770328763e-02   9.7542934824370499e-02  3.6325540013204586e-01  5.3920166504358364e-01

degree: 17  points:  58  orbits: [1, 7, 6]  quality: PO
 4.2349520256914651e-02   3.3333333333333333e-01  3.3333333333333333e-01  3.3333333333333333e-01
 2.9196690345779363e-03   1.4939063814610983e-02  1.4939063814610983e-02  9.7012187237077803e-01
 9.3338193514883384e-03   9.8059341517156081e-03  4.9509703292414220e-01  4.9509703292414220e-01
 1.5579210009132786e-02   8.0176519909013162e-02  8.0176519909013162e-02  8.3964696018197368e-01
 2.5862383995094124e-02   6.6547723826799655e-02  4.6672613808660017e-01  4.6672613808660017e-01
 2.7157513575493317e-02   1.5914935745128312e-01  1.5914935745128312e-01  6.8170128509743376e-01
 3.8226206597189360e-02   1.8083795606987039e-01  4.0958102196506481e-01  4.0958102196506481e-01
 3.8609391683443881e-02   2.4459731986078313e-01  2.4459731986078313e-01  5.1080536027843374e-01
 5.2599615183941239e-04  -1.7099279594795084e-02  3.0469846218081181e-01  7.1240081741398327e-01
 6.8369805127641027e-03   1.5606149478884756e-02  7.7467710451680750e-02  9.0692614006943449e-01
 7.7402981968328508e-03   1.2499472547638270e-02  1.8300737741132523e-01  8.0449315004103650e-01
 1.7306871686136278e-02   2.4893796930192782e-02  3.3136103343509682e-01  6.4374516963471039e-01
 1.7633848414214554e-02   6.0954488983763452e-02  1.9083979150163134e-01  7.4820571951460521e-01
 3.0720321205517156e-02   1.1094663204631958e-01  3.0371331245075519e-01  5.8534005550292523e-01

degree: 21  points:  87  orbits: [0, 9,10]  quality: PI
 1.5325221415702993e-03   1.0830647913896134e-02  1.0830647913896134e-02  9.7833870417220773e-01
 2.9596420858008906e-03   2.6376614398647562e-03  4.9868116928006762e-01  4.9868116928006762e-01
 7.1050719519832271e-03   5.3206302593702214e-02  5.3206302593702214e-02  8.9358739481259557e-01
 1.2422025450151193e-02   3.1262386401856079e-02  4.8436880679907196e-01  4.8436880679907196e-01
 1.3153853090548604e-02   1.1717932446409532e-01  1.1717932446409532e-01  7.6564135107180936e-01
 1.6107119933559409e-02   1.8619987453160044e-01  1.8619987453160044e-01  6.2760025093679912e-01
 1.9556998327421530e-02   2.3770504697050237e-01  2.3770504697050237e-01  5.2458990605899526e-01
 2.1147145803411152e-02   9.7763806273337129e-02  4.5111809686333144e-01  4.5111809686333144e-01
 2.1487249618095533e-02   2.9890161661837960e-01  2.9890161661837960e-01  4.0219676676324079e-01
 3.2432160362971584e-03   1.0170375513970238e-02  5.6106078740441131e-02  9.3372354574558863e-01
 4.4460668245672961e-03   7.4014800191294269e-03  2.3806090893927819e-01  7.5453761104159238e-01
 4.4471370127689857e-03   9.4888802100390360e-03  1.3371423612729253e-01  8.5679688366266844e-01
 7.1928300897944028e-03   1.0787085289532927e-02  3.6087827036133643e-01  6.2833464434913064e-01
 9.6881827696773575e-03   4.8886410156411962e-02  1.2856000707434670e-01  8.2255358276924134e-01
 1.0771867254746004e-02   4.0790478434921386e-02  2.3192922019831619e-01  7.2728030136676243e-01
 1.5376448792274195e-02   1.0225476525427213e-01  2.1318238024685212e-01  6.8456285449887575e-01
 1.5418201625050996e-02   5.6195103726493435e-02  3.4615363893081412e-01  5.9765125734269244e-01
 1.8727994081823489e-02   1.9392111402204941e-01  3.5741779412597604e-01  4.4866109185197455e-01
 1.9618907978395863e-02   1.3139693759954926e-01  3.0964180048539108e-01  5.5896126191505966e-01

degree: 22  points:  94  orbits: [1, 9,11]  quality: PO
 1.8046065005519341e-02   3.3333333333333333e-01  3.3333333333333333e-01  3.3333333333333333e-01
 1.4440555795319798e-03   1.0496492318532830e-02  1.0496492318532830e-02  9.7900701536293434e-01
 6.2664664495599815e-03   8.9327096224967228e-03  4.9553364518875164e-01  4.9553364518875164e-01
 7.6517443601230224e-03   5.6049615132866117e-02  5.6049615132866117e-02  8.8790076973426777e-01
 1.3279847784100932e-02   4.6669588271566608e-02  4.7666520586421670e-01  4.7666520586421670e-01
 1.5110120003822510e-02   1.3171604835404205e-01  1.3171604835404205e-01  7.3656790329191591e-01
 1.7591885388871396e-02   1.1339539049167327e-01  4.4330230475416337e-01  4.4330230475416337e-01
 1.8843708393925263e-02   2.1043196871108411e-01  3.9478401564445794e-01  3.9478401564445794e-01
 1.9848233599481160e-02   2.1160132731775527e-01  2.1160132731775527e-01  5.7679734536448945e-01
 2.0867162478628788e-02   2.8055888993860049e-01  2.8055888993860049e-01  4.3888222012279902e-01
 2.4014487111013746e-12  -3.6575820128899070e-01  1.2177577928997972e-01  1.2439824219990110e+00
 3.3916987259453457e-03   1.0866084504841705e-02  5.4699006820643733e-02  9.3443490867451456e-01
 4.7426763618685093e-03   6.9864102072462820e-03  3.6084608822824208e-01  6.3216750156451164e-01
 5.1719891070370324e-03   1.1088449518326874e-02  1.3147683381028282e-01  8.5743471667139030e-01
 5.6281199112128262e-03   9.4991301059710572e-03  2.3579984150473896e-01  7.5470102838928998e-01
 1.0573950573404285e-02   3.7046616048002778e-02  3.5355846422612311e-01  6.0939491972587411e-01
 1.1086612482236756e-02   5.6598109252542856e-02  1.3252717627467011e-01  8.1087471447278703e-01
 1.2134510421606179e-02   4.9307086657456629e-02  2.3345541183681796e-01  7.1723750150572541e-01
 1.5154378475876465e-02   9.1696755829684574e-02  3.4021642111357170e-01  5.6808682305674373e-01
 1.6798674545460296e-02   1.1809385707142292e-01  2.2811097966249483e-01  6.5379516326608225e-01
 1.8524766539675116e-02   1.7225220098241623e-01  3.1953217634733162e-01  5.0821562267025215e-01

degree: 22  points:  96  orbits: [0,10,11]  quality: PI
 6.9714569625074026e-04   7.2282355159080525e-03  7.2282355159080525e-03  9.8554352896818390e-01
 1.7336537619803626e-03   5.7016687553623150e-04  4.9971491656223188e-01  4.9971491656223188e-01
 4.6613130430455736e-03   4.1952527272804087e-02  4.1952527272804087e-02  9.1609494545439183e-01
 1.1584576765599565e-02   3.1413219152050094e-01  3.1413219152050094e-01  3.7173561695899811e-01
 1.1878974033021910e-02   3.9972696765766901e-02  4.8001365161711655e-01  4.8001365161711655e-01
 1.5338803655666700e-02   1.2308745423016115e-01  1.2308745423016115e-01  7.5382509153967770e-01
 1.9716376940272337e-02   1.0856073912176939e-01  4.4571963043911531e-01  4.4571963043911531e-01
 2.0572151491734754e-02   1.8986241218389368e-01  1.8986241218389368e-01  6.2027517563221265e-01
 2.3840660278137039e-02   2.6033923338175577e-01  2.6033923338175577e-01  4.7932153323648846e-01
 2.4461197089874872e-02   2.0726630465674803e-01  3.9636684767162598e-01  3.9636684767162598e-01
 1.8286280273112092e-03   7.7395846886030778e-03  3.9100167827328379e-02  9.5316024748406854e-01
 1.8804497039628383e-03   5.7706413021840367e-04  2.9956301031600608e-01  6.9985992555377552e-01
 3.7041086400111018e-03   9.7957718535231403e-03  9.9167580852252468e-02  8.9103664729422439e-01
 4.6683403718348058e-03   9.1886802064989650e-03  1.8619068155280571e-01  8.0462063824069533e-01
 7.2113411719295855e-03   1.3467087568401818e-02  4.0293889185510044e-01  5.8359402057649774e-01
 7.9674333598873426e-03   5.0626312467336895e-02  1.0358808540929188e-01  8.4578560212337123e-01
 9.0358003694371363e-03   4.8388117761837651e-02  1.8082300688832890e-01  7.7078887534983345e-01
 9.4806411115590146e-03   2.7491435853260347e-02  2.8194341507949187e-01  6.9056514906724778e-01
 1.5617370128353209e-02   6.7133974447704389e-02  3.5071285339799134e-01  5.8215317215430427e-01
 1.6245319181056984e-02   9.6704303616860345e-02  2.3017640440360132e-01  6.7311929197953833e-01
 2.1784808223531513e-02   1.5193045482670229e-01  3.1159323586348645e-01  5.3647630930981126e-01

degree: 23  points: 102  orbits: [0,10,12]  quality: PI
 1.0233849339306483e-03   8.8430909856400078e-03  8.8430909856400078e-03  9.8231381802871998e-01
 2.3495328561160743e-03   1.9153640092705285e-03  4.9904231799536474e-01  4.9904231799536474e-01
 4.4227229483174646e-03   4.1918494631921201e-02  4.1918494631921201e-02  9.1616301073615760e-01
 9.3593949345890716e-03   8.3843959400741887e-02  8.3843959400741887e-02  8.3231208119851623e-01
 1.1223304907955516e-02   2.9686795548624383e-01  3.5156602225687808e-01  3.5156602225687808e-01
 1.1455393860718665e-02   3.7154999835804856e-02  4.8142250008209757e-01  4.8142250008209757e-01
 1.4851528190270430e-02   1.3603683917665686e-01  1.3603683917665686e-01  7.2792632164668628e-01
 1.8733990977523032e-02   1.0822757953414183e-01  4.4588621023292908e-01  4.4588621023292908e-01
 2.0095448898175010e-02   1.9833791969077398e-01  1.9833791969077398e-01  6.0332416061845205e-01
 2.1869521602463022e-02   2.0470253294815859e-01  3.9764873352592071e-01  3.9764873352592071e-01
 1.3903741389058628e-03   2.1537508898247914e-03  1.1147822164436515e-01  8.8636802746581006e-01
 2.0936131717002298e-03   7.9756704834337997e-03  4.5998761911927389e-02  9.4602556760463881e-01
 2.2627278911605849e-03   2.2252130687022896e-03  2.9991704500621364e-01  6.9785774192508407e-01
 5.0988760785318236e-03   1.0567990234213330e-02  1.9450617255148174e-01  7.9492583721430494e-01
 5.8027924863416356e-03   2.6390157960052387e-02  1.0487601375183196e-01  8.6873382828811566e-01
 6.9904741201632315e-03   1.3726614788916334e-02  3.9359274155812222e-01  5.9268064365296145e-01
 1.0105447412685495e-02   3.2931670717119124e-02  2.7745010154284909e-01  6.8961822774003179e-01
 1.0940686820111042e-02   5.6458369286788007e-02  1.7041930960722382e-01  7.7312232110598817e-01
 1.2697747467200144e-02   2.4905869950604636e-01  2.8048464594062623e-01  4.7045665455332741e-01
 1.4936905214735933e-02   6.7100228845598726e-02  3.5940684385217631e-01  5.7349292730222496e-01
 1.6245944888963147e-02   1.0095848404745636e-01  2.3967897332407878e-01  6.5936254262846486e-01
 2.0408964921138069e-02   1.5208140311691477e-01  3.1660538238914823e-01  5.3131321449393700e-01

degree: 24  points: 112  orbits: [1, 9,14]  quality: PI
 2.2937943480967491e-02   3.3333333333333333e-01  3.3333333333333333e-01  3.3333333333333333e-01
 7.6737746111581423e-04   7.6448158720914036e-03  7.6448158720914036e-03  9.8471036825581719e-01
 5.5235784447516975e-03   9.7534661302116131e-03  4.9512326693489419e-01  4.9512326693489419e-01
 8.3849953027563107e-03   8.5335714707740553e-02  8.5335714707740553e-02  8.2932857058451889e-01
 1.2217380178002352e-02   4.9191284841139945e-02  4.7540435757943003e-01  4.7540435757943003e-01
 1.3070390605611783e-02   1.4361312600254966e-01  1.4361312600254966e-01  7.1277374799490068e-01
 1.7881227758429578e-02   1.1999724899885259e-01  4.4000137550057371e-01  4.4000137550057371e-01
 1.8221744139097310e-02   2.0438684787130392e-01  2.0438684787130392e-01  5.9122630425739217e-01
 2.1641497217567617e-02   2.1688958593463602e-01  3.9155520703268199e-01  3.9155520703268199e-01
 2.1688312926922602e-02   2.6936069184956822e-01  2.6936069184956822e-01  4.6127861630086356e-01
 1.7461845826617217e-03   1.2891576532218214e-03  3.8930032117370400e-01  6.0941052117307418e-01
 1.8385716037427872e-03   8.0461554413475096e-03  3.9945518998510897e-02  9.5200832556014159e-01
 1.9989366333621288e-03   3.9746390407908045e-03  1.7756755351844720e-01  8.1845780744076199e-01
 2.0636961713359078e-03   5.6533968387799803e-03  9.7304373163390796e-02  8.9704222999782922e-01
 2.2953950871584157e-03   3.6541646347000719e-02  4.7379136469555824e-02  9.1607921718344346e-01
 4.5795232889082314e-03   8.4720312527892442e-03  2.7654233490622630e-01  7.1498563384098446e-01
 5.2932300990954037e-03   3.1868785558484864e-02  1.0186004800841345e-01  8.6627116643310168e-01
 5.5787469959908817e-03   2.5074485756959323e-02  1.7990041142989785e-01  7.9502510281314283e-01
 8.6193394872566413e-03   2.4954649207236983e-02  3.7476148829145152e-01  6.0028386250131150e-01
 9.9923539922470692e-03   7.1806927489926670e-02  1.6285371365641891e-01  7.6533935885365443e-01
 1.0305616207681308e-02   4.6495368325225607e-02  2.6299994692532693e-01  6.9050468474944746e-01
 1.4604546126250247e-02   7.9445658328927772e-02  3.5387462268603242e-01  5.6667971898503981e-01
 1.4998500676250463e-02   1.1210496839891453e-01  2.4045272001109687e-01  6.4744231158998861e-01
 1.9230783117436679e-02   1.6288704432089312e-01  3.1632883636136617e-01  5.2078411931774071e-01

degree: 25  points: 118  orbits: [1,11,14]  quality: PO
 1.9730145564170694e-02   3.3333333333333333e-01  3.3333333333333333e-01  3.3333333333333333e-01
 7.9784978009049069e-04   7.8022199979002115e-03  7.8022199979002115e-03  9.8439556000419958e-01
 1.6540557559100445e-03   1.5998974682723221e-03  4.9920005126586384e-01  4.9920005126586384e-01
 3.9483067815592551e-03   3.9745976060168637e-02  3.9745976060168637e-02  9.2050804787966273e-01
 7.3059304419564698e-03   2.1031495068615388e-02  4.8948425246569231e-01  4.8948425246569231e-01
 8.1278558796413267e-03   9.0694417901958875e-02  9.0694417901958875e-02  8.1861116419608225e-01
 1.1970371685575694e-02   1.5122428135781503e-01  1.5122428135781503e-01  6.9755143728436993e-01
 1.2299765626203808e-02   6.5573869583163754e-02  4.6721306520841812e-01  4.6721306520841812e-01
 1.6112719176052504e-02   2.1191329495049539e-01  2.1191329495049539e-01  5.7617341009900922e-01
 1.6232869701501100e-02   1.3447502042412044e-01  4.3276248978793978e-01  4.3276248978793978e-01
 1.8798881038162153e-02   2.7376044759386799e-01  2.7376044759386799e-01  4.5247910481226402e-01
 1.8817300377344576e-02   2.2526829693905910e-01  3.8736585153047045e-01  3.8736585153047045e-01
 1.0058419636349749e-03  -1.7548642901802666e-04  2.7505910881984064e-01  7.2511637760917739e-01
 1.7768341951951061e-03   7.6272354243569928e-03  4.0675651667317988e-02  9.5169711290832502e-01
 2.5263768046607073e-03   7.1744598182213309e-03  9.8073197818081108e-02  8.9475234236369756e-01
 2.8903213344256393e-03   6.3674541720953543e-03  1.7710896672593236e-01  8.1652357910197229e-01
 4.3188177509815723e-03   7.4875157532566016e-03  3.8161168515912562e-01  6.1090079908761778e-01
 5.6280372428999814e-03   3.7463934879853700e-02  9.5814659140257527e-02  8.6672140597988877e-01
 6.2380351084315916e-03   1.8103532201923579e-02  2.7060854554092647e-01  7.1128792225714995e-01
 6.5242706554108378e-03   3.3495910148005361e-02  1.7314445335143582e-01  7.9335963650055882e-01
 9.5756742981397936e-03   3.9206711918798059e-02  3.6987571368345933e-01  5.9091757439774261e-01
 9.6717253781026904e-03   8.2016261697038932e-02  1.6490559742319441e-01  7.5307814087976666e-01
 1.0525535644238973e-02   6.0505783675033413e-02  2.5976041170346388e-01  6.7973380462150271e-01
 1.3760331394147538e-02   1.2548211909622190e-01  2.4143815534801266e-01  6.3307972555576544e-01
 1.3860745244640128e-02   9.5367159491400727e-02  3.4863741954287257e-01  5.5599542096572670e-01
 1.7042808935729974e-02   1.7465941156686072e-01  3.1605002763020676e-01  5.0929056080293252e-01

degree: 25  points: 120  orbits: [0,12,14]  quality: NI
-2.6954961223661030e+00   2.4170556499722643e-01  2.4170556499722643e-01  5.1658887000554714e-01
-1.8053087282731432e-03   6.6841145410301237e-02  6.6841145410301237e-02  8.6631770917939753e-01
 8.1866000177608708e-04   7.9121374020986556e-03  7.9121374020986556e-03  9.8417572519580269e-01
 3.8724080224669856e-03   3.8682500223883036e-02  3.8682500223883036e-02  9.2263499955223393e-01
 5.1956272890942623e-03   8.5651483398043985e-03  4.9571742583009780e-01  4.9571742583009780e-01
 8.2758256036296277e-03   9.6693451684011191e-02  9.6693451684011191e-02  8.0661309663197762e-01
 1.1494692925102619e-02   4.6407894153637927e-02  4.7679605292318104e-01  4.7679605292318104e-01
 1.4289758700353007e-02   1.5136311625338722e-01  1.5136311625338722e-01  6.9727376749322557e-01
 1.5595032733898223e-02   1.1089712631379569e-01  4.4455143684310215e-01  4.4455143684310215e-01
 1.7062959875833843e-02   2.7617699704718186e-01  3.6191150147640907e-01  3.6191150147640907e-01
 1.7127072397518898e-02   1.9622869558322977e-01  4.0188565220838512e-01  4.0188565220838512e-01
 1.4306861745315699e-01   2.2915717002669782e-01  2.2915717002669782e-01  5.4168565994660437e-01
 1.1371418149652462e-03   3.0330247109068251e-04  1.7873092973242388e-01  8.2096576779648544e-01
 1.7135519419954577e-03   7.2850660720176443e-03  4.1091962617909122e-02  9.5162297131007323e-01
 1.9681537577992696e-03   2.0981905527894520e-03  3.8040500244755363e-01  6.1749680699965691e-01
 2.8980619808650622e-03   8.2493554021632984e-03  9.8451598163584087e-02  8.9329904643425261e-01
 4.7760727126949619e-03   9.1984489688911480e-03  2.7127899306756622e-01  7.1952255796354263e-01
 6.4898979745711376e-03   2.2789435125158539e-02  1.7304270963987172e-01  8.0416785523496974e-01
 6.8410434776279452e-03   4.3868460650469310e-02  9.1754132899196489e-02  8.6437740645033420e-01
 8.2647322808636344e-03   2.4839829916622229e-02  3.7681165170843428e-01  5.9834851837494349e-01
 1.0224364896269249e-02   4.6355430068864401e-02  2.6556158456309280e-01  6.8808298536804280e-01
 1.0244154062961084e-02   7.1944171977122515e-02  1.7053912142173718e-01  7.5751670660114031e-01
 1.3671900203659292e-02   7.7170587472222629e-02  3.5512733589984241e-01  5.6770207662793496e-01
 1.5057862935694812e-02   1.1403766860632927e-01  2.4467281676911144e-01  6.4128951462455930e-01
 1.5806425931878949e-02   1.5315670236426460e-01  3.2818945118898776e-01  5.1865384644674764e-01
 1.2978236907405934e+00   2.3969111281958894e-01  2.4504506954450558e-01  5.1526381763590548e-01

